2748846194689
2199224623105
549957206017
1099578753025
1099713028099
1649334599681
1099713028099
1099645878273
3298669158401
2199090429953
1649334591490
2748846252035
3298602057729
4398113669121
2748846243841
4398113636355
3298736242691
3848357855235
1649401708545
2748980436994
1099645870083
1099713011715
3298602000385
3848492032002
3848492089345
2748846227459
4947869483010
1649401733123
549957189635
549890080769
1649401667587
549822980098
3848357847043
4948003676161
549822988290
549890064387
3848357879809
4398113636355
2748980412419
549890048003
2199090405379
1649334616065
549822947329
549822930947
3848424972291
549957165059
2199224639491
2748846235649
2748980469763
3848424939521
549890048003
1099578744833
1649468825603
2199157530625
4398180753409
2199224655875
3298602033153
2748980420611
4948003684355
3298602057731
549957165059
3298736283651
1099578810369
2748846219266
4948003684353
1099645902850
4398113628161
4398180777985
1099713028099
3298736267265
4947936600065
4398247895042
1099578744834
4948003725313
1099713003521
1649401667587
1649468801025
4948003684355
4398180794370
3848424939521
3848357879809
4398180745218
3298736226305
549822947329
1099713011715
4947869507585
1099578761219
3298736275457
2748846227457
3298602000385
3848492089347
3298736283650
1099713011714
4398180794370
3848492048387
1099645861890
3298736259075
3298736226305
4947869499393
3298602016771
549822996483
1649468817410
4947869474818
4947869491201
3298669142017
1649468792835
549822947331
1649334591490
549957156865
549957197825
2748846227457
3298669174785
4398180737025
3298602049539
549822947329
2199090413570
3848492072962
2199090429953
2748846227457
3848492072962
3848492097538
3848492048385
3298736259073
4398113669123
4398113685506
4398247854081
4947869466625
2199224639489
2199090421763
1099578761217
2748846194689
549822971907
4398180777985
4947936567298
4398180753409
4398180753409
3848424988675
549822996481
4947869491203
2199090413571
4947936567299
2199224623105
549957189634
1099578810370
549957156866
3298736267265
3848492056579
4398247870467
3298736283650
3848492048386
549822947329
1099578744835
3298736259073
4398247878657
3298736275459
3298602065923
4398180786177
4398180769793
1649401708547
4947936616449
3298669117441
4398247854081
2748980420609
3298669166595
3848492048387
2748846211075
4398247903233
4398247886849
2748846186498
1099712978947
1649334558722
3298602049537
4398180802561
549957156867
2199090421763
4948003667969
2748980420611
1099713003522
549890097153
3298736250882
1649334607875
3298669133827
3298669174787
1099712970755
1649468817411
3298736283649
3298602033153
3298736242689
4948003676161
1099578802178
549822947330
549822988290
1649468817411
2199090405377
1649401733123
2199090413571
1649468833795
549822980099
4398113636353
3298736226307
1099578810370
4398113652737
4947869458435
4398180786179
3298736218113
2748846202883
1099578777601
1099712970755
2199157489667
2748846194689
2748846186497
4398113644547
4947869442050
1099578777602
4398113652739
3298669174785
3848492032002
4947869458435
1649468792835
3298602016769
1099578769410
2748846252035
2748846202881
3298669150211
1099578793987
3298602024963
4398113660929
1649401692163
4948003684354
3848492097537
4948003659779
4398247886851
1649468825601
2748913311746
3298669142017
4947869483011
3298602049539
3848357814274
4948003717121
2199090372611
1649468784642
3298736234498
3848492072961
4398113636355
1649334566913
4398180769793
549957189634
549957197826
2748846243843
549957197826
3298736275457
3848424931331
549822930947
2748846243842
4398247895043
3298736242689
2199090380803
2748980453377
4398247845891
4398180753411
549957189635
2199090372611
2748913352707
1649334575105
4398113660929
2748846235650
4947869499395
549822996482
4947936559107
549890088963
4947869458434
1649334616065
4398247903233
3848492064771
4947869491202
4948003717122
549957214211
2199157506050
1649334575106
1649468825603
4947936583681
1099645870083
2199090372609
3298602065922
3298736259075
1099578753025
4947869466627
4398247886850
4948003717123
4948003684354
3848492048387
2199157506049
1099712995330
549822939138
1099578802178
4947869483011
4947869507587
2748980461570
4947936567298
3298602057731
3848357822465
4398247911427
2748980469762
549957181442
1099712978945
2199224623107
2748980404227
2748980436995
1099713019905
2199224606723
4398180745219
2748980404226
3298736275457
3298736283649
2748980445187
1649334591489
3298736267265
4398247870465
3298669174786
2199224623105
549822988289
2748913352705
3298602033154
3848492048387
2748980453378
1649334558721
1649468792834
2748980420611
1099713028097
1099645886466
549957148673
4398247878657
4947869499393
1099578761217
2748980428801
2748980404226
2199157481474
2199090380801
1099645894659
2199090397186
1099578793987
2199090372610
4947869466626
2199224590339
1099578744834
3298736234497
1649334624257
4947869450243
2748846211074
1099712970753
2748980436993
3848492048387
1649401716739
4947869491203
2199157530625
4398180786177
2748846243843
4948003667971
2199090429954
1099578769409
2748980428802
3298602016769
1649334591489
4947936600065
1099578744833
2199224639490
1099713019905
549957148673
1099645919235
4398113636355
4947936583681
1099712995329
3848492040193
549957181441
4398113693697
4947869499393
4948003717121
549957206017
4948003667971
4398113636354
4948003717121
4398180794369
2748980412417
1099578761218
3298736234498
3848424955905
3848357822465
4398247895041
2748913311745
1649468833795
3298669166595
2199157522435
3298669158401
2748980404226
4398113685506
4398247911425
4398247886849
4398247911427
549890105345
4398247845891
1099712995331
2199090421762
3298602024963
2748846186499
4947869458433
2199224647682
2199224631299
4947936550915
4948003725313
1099713011713
1099578802179
3298736250881
549957148675
4947869458434
549957197826
3298602041347
2199224598530
1649334607875
549957214211
1099578793985
2199224631297
4398113677313
3848357830657
2748846243842
4398247903234
4398113644545
1649334607873
4947869466627
3298669133825
3298602024961
3298602024962
1649468784641
2199224606723
4948003659779
4947936550914
4947936600067
1099712995329
4947869491202
2748980404226
4947869499394
1649401667587
4947869458433
1649334607874
1649334607875
2199090405377
1649334575106
3848357871619
4947869474818
3298669150211
4398113628162
4947869507587
2748980469761
3848357863427
1649468809219
3298669133825
1099578785793
3298736275459
549822930945
549822971907
1099713003523
3298602000385
3848424947714
3298736234498
4947869442049
2199224614913
4398247862273
3298736259075
4398113636353
2199224631297
549957156866
4398247870466
2199224655873
4398180794371
4947936559105
1099578810371
1649334616067
4947936550915
4948003700737
1099712970753
2199224623106
3848492064771
2199224614913
1099578785793
1649401724931
1649334624258
3298736259073
2748980412419
549822955523
1649468784642
2748846227457
1649468801027
2199090380801
1649468841987
3298669133827
1099645911041
2199157538818
2748846235649
3298736283649
4947869491201
3298602016770
