584598283438680
487130517211630
309185390266636
1705950546242459
1130456947826968
1490045426802787
1226654539784624
24376961288759
592681812986683
1331583568544919
607573595794136
892355022594810
1944028707916422
276083141502966
1883065201330627
236500841408418
875462056690956
469061713652956
2239856876576784
1509143476416101
570137114078184
788980483115580
994672643509537
641151728240601
1757765574346515
1835296973014822
2142593030931671
2106924403278324
833011997967507
494914679948374
1926533353146594
2050657979682803
1363577980096451
2215546533515171
1177669059059725
780227186715241
815882139905289
1048611311591995
755593283946131
422802222173852
166259948692515
258009240759286
1163299481151180
554929126590041
1377368384448779
167230674087622
565897002755325
711409870473586
1377930273342374
64367076347220
1070951519773376
426183446406192
1536717778822585
488279545290791
720916452419212
1635066226664390
942294086172805
2003310753459563
1520639228700885
321161983501900
1629198956438123
1795031869370032
431181502366916
1630115270467824
1804938601013305
1941335087467661
1328998931703509
270614898650555
452542056252796
2230914826141738
1320565359640609
141434108300888
695145491693595
126572760705628
1716422022046484
1768770303856027
1751174003657885
528009485208121
54028744515645
1378878798727710
1853315911114975
888551649059652
532366189064034
2100629001078177
1907221100170749
1907692634008722
536630620512483
1045724573428057
1867220347972928
2076610192786289
1010480998507519
2077741566477413
220020390683878
1956079851488101
2071584535513827
271612472577226
1271764947528505
745492911792746
2016746388418332
1248115037422217
546559421432473
1506383489549969
1884159011186140
286643849596287
903830168978007
1024928455295817
1761516748089177
1085925040851609
986325635564435
1475776357681263
203439060641640
712002506907711
2051695019977381
2173899996071352
1848957258812892
50091224016960
1992911431378363
1966618900417701
874315653563282
2022109930979371
71172256738983
481287872408730
1890305839629090
1996910849205258
645560846208150
1356514041678093
471864168310153
1303603867651162
1646224727818977
1698227796705416
784625440326574
186482328339486
27685245210442
1652148903308223
1427278728260752
84912798032968
21008379199614
2219418198213723
1851282446083549
153474180132548
674650737577567
428317437895365
1846155755176571
193607681027302
2112923332625073
660331634123587
1003893800742433
2070054131542628
1664711963124243
1637723053417302
1041267064080985
1112927238418377
88613392207715
2084803996667077
1200822592317684
839108570525242
1020517134445287
640509362179279
927106480318626
1139214526844262
154506015108885
1063922594596027
198686671078517
1087569168379830
1514613643103240
2228821013105795
25389037289659
361269256103611
2055732621444846
641802625714017
2095268531924047
1879196985355823
817624612389491
620684192714618
114058389687993
2196938139713686
147514500796128
1301297390268241
1502072633655924
1704299612786678
12331525303091
1203488984755270
2132666036365458
1549471066481614
1014455789768301
329896603780170
1210285277651067
2149019982775525
380055834192990
1056862739243951
1902265124619686
511276825339483
1110210556661599
1417426717977819
1292539882573812
1031531761524925
379603122176119
1641629338018892
35363433776488
1619165833701477
1773212429879277
2228305339165624
191931690830598
1887466470132357
296349340389296
78850121566843
2216757666328277
801192067254420
899111946169993
965590529533725
128210278632052
2040273016727704
2090865180585913
1442828634681272
1751755515650659
840101649303103
2194780263655356
837486971595617
912284813813420
371287928638391
983651963678641
1035237180082953
1071546103448749
864415216274878
1488920414618952
1388303083802048
1469623806117260
1287658530840998
214559614650986
1103412084379214
1090912369664155
678592851118666
1327131757464692
1095289952742598
2038566249868798
1435467193942378
165635018311692
1941856803825659
875816041817963
1156874208552126
378436016030265
1718140484438706
1360168305814375
1544497027739520
1005614133110454
834021541496800
895648684508672
2210605107250988
1222311674072351
2204663292513583
