109414561808560
118212198514892
126458468704472
103917943439591
91820093948078
98418170445997
110514207637684
117111613153480
123160269406439
129757674676433
144053473517811
148451117531394
144603498070287
128660377993478
115462681469157
113813279621331
119860257939665
119860660650194
128658498691293
139654957285611
139654957392132
162747520295187
184740370555179
205631963947345
203984642924913
205633574855030
217179319427453
218279569392012
214431345713551
235323140563348
240272218137000
268313456091609
260616740405727
271062637666779
278210604433909
286457814147591
285358906704407
281509609161227
319996878414346
329892416217668
323295816319571
322196036256335
325496383119944
316148386685509
326594351096390
332642470470224
330444118442593
337041188192860
344188349350502
358484819280499
373879458628239
364531999433390
355736845746845
359584129770124
341441181098640
332093385974380
339240412840548
334292274922086
343639264666213
335391719391854
339789698818657
351886407328366
370579984319131
383776137233059
398071734837952
370581930697403
375529196053150
372230191342244
371130142696099
370029959987873
372230057124525
379377688126111
392023481156275
401921099260616
410169114575582
401370538255064
432710243885801
448105218892582
462951042032438
460752622863177
464050687943497
472297092268881
479994344817491
485494520513394
483294826193792
484393800803182
502538091643771
510785435681688
501988671529875
516283597857694
516283665023916
522331851473844
504188097438614
504187761927062
543224854135713
547074286060511
544324634600414
545424280388575
547623504962529
536078565745637
533878200173517
538826673619913
549823065187291
534429298344929
543774811612106
551472332571617
558070207734768
566317551617022
564118260073477
553122002748402
586658516755444
606455028409422
615251926705236
615251792618590
632296236262508
659235680666753
665286149080245
669684262765761
658687804171438
682880012797097
677932009465047
675183163237586
679579934680269
687828150715605
682330324468958
672983401751771
670234488374469
693325104923851
716968296350967
707072356517143
716968632116492
722466995701023
725216513000731
723568051004708
734012673164579
728517464106315
747757776594229
748309210350929
749958410683731
772500748150128
766453971158398
777999313003887
778549672895877
787896125728142
795043756762525
798342358754729
817035734386100
831332338656732
847276532524519
856074571916814
860472819803672
874768350225972
874219332683321
892361744385604
878617244927550
884664424736320
882466341062215
885764674594369
890712812488265
897311627249245
895661890102878
902258691409502
908857573303933
879717159511635
879166665188931
875867794687553
877517666231868
896210974565949
896760999003740
894561774446172
900608350070356
892362684057189
878618587334229
895661084599882
922602810828398
942945454024335
942946595063470
953393029285556
959441215809215
953394304607950
952843072186058
959440947209918
977035415160530
989131385603828
988031605548808
1000676391945994
1005075982190367
1012774174197539
1007826170734390
1014972660664098
1022669644777278
1027619192153938
1039714088535886
1036416292013925
1025969723402045
1035316511876947
1054558703552343
1061158458066815
1069405869180829
1073254226806680
1095246473045919
1103492743145417
1102944128231365
1122188333516764
1129885586147319
1147480389707786
1143081940543528
1152978350581794
1159577232500801
1154628691937343
1156827379623987
1163975077644355
1170572952799297
1181018111887427
1187067774920801
1188717109536882
1182119234521200
1194215338887272
1201912994154619
1206860662343820
1206861467682964
1209059953993870
1211259984021656
1235451253287073
1254145971235013
1262393315092714
1260744047716608
1288234858506489
1302529919052072
1304180059310403
1326171432806736
1334970344712563
1350365319670139
1359162083862937
1367408823830954
1364110758783407
1372357834279366
1402598229551578
1402597961263605
1400399340726777
1383904384436712
1378955038419409
1387752406428100
1409196037704183
1406997283056139
1413044798269956
1404247631350268
1414144645515797
1417993271781903
1421842300693012
1437237208574491
1443834479733306
1444934595373638
1461429283097155
1466928720652912
1467477335509602
1466927646911087
1458131553847923
1471876053232240
1491119050427019
1490020209986198
1501566155901601
1505414916434605
1512012657404607
1523559475833549
1529607125379794
1542802338843368
1559296959613687
1555998626114322
1560397008186124
1572493783714589
1574142984170286
1580191036402480
1590637672115003
1625275644087122
1645619830655878
1661564561599410
1656067003583433
1675858280016842
1689055372667890
1685207753157633
1701152215452693
1696203674987548
1704451018632199
1716547123268653
1709399559408705
1706100487695396
1722045016984623
1733591633988673
1745687872769115
1758333263334509
1746787518721147
1755035533855855
1757233751665776
1749536633302139
1764930467277936
1770979190697096
1805617095519394
1791873670352083
1784726106320068
1790223127530675
1792422821915825
1799570721369275
1806168261053650
1797371228581080
1803419280575693
1817714274053340
1819364145827079
1836407515434224
1852903210183976
1862799955651880
1887541450739032
1907334941887843
1928227810635154
1916682334473615
1922180899450274
1916132578749863
1917782584470946
1933727113719206
1938125495987654
1928779445800379
1944172474338742
1947472687091151
1953520672132574
1950221600427473
1952421898964440
1957919524089306
1971664761990658
1982111598906885
1992557563416087
2017300266389034
2016751114735186
2010703666556503
2013451304627794
2009602946862667
2012901683048014
2012902824046160
2004654339305039
2021698178625084
2032694838742629
2021148825939566
2057436333559387
2085478309736096
2098124103069402
2104722112532201
2102522955058934
2100873352031976
2115168882446065
2113520017682182
2123965847990036
2118467283103496
2125065493761803
2152006884593453
2159152636342089
2161353807294296
2154755797880661
2146508453908304
2156955290955589
2164652946296661
2167402060910432
2170700730011507
2175649203384170
2180596938690415
2192144294113158
2191594001379217
2216334959333276
2209189610385342
2209737688281012
2211387559735206
2206439354781612
2228981960658879
2243277155520481
2231180984193009
2228981826506712
2244376935542736
2257572551749622
2276817025290270
2296060022566958
2293861200752712
2281765431750733
2274617532428326
2271318393679924
2284512533057570
2297708887388220
2296610986618969
2296060693827655
2304856921092174
2309805529010286
2309805663236193
2304856988258389
2308707158175843
2319701737541737
2328499172905082
2327400600875148
2315306241495178
2322451120779384
2321902304489601
2335647273652361
2335097920565392
2340045722923156
2357639385600165
2363688914276545
2362589536981199
2360390043832523
2365888004681928
2375234726080735
2384581447438562
2408773522026738
2428567953060132
2441213544755520
2456608385667417
2472002823582069
2470904453009807
2453309850767725
2456058965340525
2472553317577076
2472552915177886
2474752945115548
2483000423256482
2486849519530431
2496196039381418
2491797388931519
2480252852285875
2486848982421925
2495095655215525
2515439170810326
2518188621042145
2540730085962226
2551727618437646
2562174791078434
2599011719180877
2608360051470975
2616607194116753
2629802676073134
2640249177420466
2670489438532291
2677088052073217
2693581062099724
2689733845365540
2697980652385064
2691382911497004
2687533949489952
2707326031352601
2694681647862591
2702379772646171
2717775485760312
2721074356376409
2702930803757912
2709527001002810
2706778557535041
2713375895687998
2742516712264539
2748564294865790
2760659996627849
2779354580317098
2804097014895587
2811794670130161
2833235818132487
2834886964827168
2846433514640406
2861278331147327
2868425895236693
2901415673492582
2932205220852918
2947599121855695
2950350048793842
2960246593107192
2984438801855761
2992137530938677
2984439406081345
2987187581130037
2982789131892010
2993785590478130
3000933288564034
2981691700942158
2978390884103474
2989935890412844
2998184308200775
3000383197263178
2992687354082648
2987737068483903
2973442679223614
2983338820498717
3018525877368140
3041070429541754
3037221065176460
3038871204984217
3051516998219170
3056465337521581
3056465471739311
3075159451375051
3079008681686488
3063063615567314
3067462064674255
3063063481251276
3070211179230662
3057566728476097
3051516864124334
3061962694219161
3076808584598978
