397
11
1586
6356947649039
4415365992950
1147881947485
2887498562269
3406170398828
6539767448397
1326134717184
7253274249947
4875790517089
5537026829429
3208035265627
3629516468972
7605805451523
163969425558
7203105941686
1202813932167
906969395227
6693845917915
1249912062186
6239158968742
5068648694396
5473530659231
2980708282606
3148429911293
6763667751896
6075500659009
3372637311975
6221672411740
4271954147435
1925790290178
6477034001428
6473217405634
5475542762133
6942576323575
7176493435705
262882617925
6984485196119
4797400551971
36227063921
5097707418162
365299984593
3508566291697
7640270324794
2307459433298
6988613897176
7095740066087
5721304715969
2066806279022
3577611576553
438670651644
6446332174411
6041749139844
4573234721277
2569855046110
1805828401480
2417274122494
1335006186367
3995139076609
4544574839850
588638703971
3996245487792
4870690792501
1211889697442
4168388020343
7684486337521
6479638757913
326523634181
4914243764229
7657843368636
4435347577324
516734150721
4941817719855
4811141026923
1204441701045
277089396893
6705232931731
5877458250859
2316141036689
6298750612288
3626765313115
3379347173642
4289817258089
7679667446727
5516002038321
5154724596380
4571952055073
586406777966
843379345419
6625582879802
876559262459
3516928250569
7427060351831
2476436315195
2310739159964
1206941383497
4177893061476
3989576282716
1085713417226
5758097492972
7409998959355
3509941879465
1023142540219
6640385569233
4795248472506
510703481851
2779356692993
1925425935283
4470760260240
855436857983
802853123032
4931252630787
3549455262521
6358381501381
2185368195517
6520151547166
6230895931691
7100328669977
4092799333525
1943099490719
4547485727125
5412725070323
5609534229325
6944254947562
1391620387281
4109051158931
3402554205067
5068842615085
999923069479
3113567191813
3256566964497
7431577252668
4759563138217
5302973453463
5535811300343
7097745490346
623396751895
4571150854445
244034005225
945811822766
6703858469461
2061857141007
4487855690082
7682423130764
6693116822399
6864587436989
4573163462825
6239275516484
3402617483672
3095539235893
1025893864033
2775762051569
7018980606827
619050226119
1083222525005
4694421152189
1462847545452
4476593574467
2872381770852
7061501565800
3232538055858
1293860219864
1410785292390
244394680755
4512905010441
2993613183459
3282512987367
6133666732840
3398213739791
1997042807340
1288616716728
7097056657757
5337710563441
3126799596331
6437737710316
6854957855381
980209963289
5054779023719
2183815140447
5996068473247
639847035529
1204190307015
4012813714713
3377837338694
5449983841267
2624926216813
6014406934816
699404616193
4235798580083
2166270747131
7423001027139
4308436076868
4703283087628
852241441347
5210785933469
4313262950773
5434333508076
5628500236669
6985492319046
4427550300580
1326437430209
880062312647
6378463671316
6645150263704
5397683816702
4994535590213
1945046418425
3406106395889
1061868038679
1033150025773
6984116077250
7482710207669
1085822774001
5051272183861
5319330390747
3515552721369
460145600838
2556601181261
6358461383410
1268128072152
4590612513728
2168895721783
1426151698936
484544320745
4093729649398
1591088648777
5252673850174
4432692834937
588121287966
6241674459825
740521832961
5038102370973
7142955762944
3318497326348
2932306302194
3610403478652
5472913028377
6061155353322
2057838874856
5249923010841
2141961366448
3627746200556
6917578074259
7519898047455
1091061828297
2193936081820
585605641365
1000363213255
1454002645467
4191964390211
7535567090064
284399657516
6100116849267
1291922262764
1686076889633
2932817084471
3876720832817
1056751956569
2647349047550
799415155789
4109349729226
2770654038431
4179984804390
4871433434339
5072969062860
5138283299054
6651907124035
493128860001
7252032824151
5489720326955
6737165274152
6468720645125
7441395919174
6704688976893
3577738785844
4975020700033
4213590495465
1220379202327
1850704014368
3987378690331
5334841629738
6857323283229
1180940247745
1447124107868
5852082713203
2871572743272
7483700605721
2304708448642
1942294869248
826500845759
5090716025677
6290889855194
998299103667
4797039046837
6581841072653
2379643745062
4752508799707
5432405215985
5291505149141
7603053286641
4399204287223
5356702018008
4537248588992
3252301827119
7096851542572
5302502912917
1062057945563
2509063500733
3205283582653
7293128006131
6814680166872
5998313062962
1489688353533
7519704376007
2596665221719
3576474747410
4755260141837
4056357937878
7579187724812
4313955552296
1060719754346
7045873989993
1104433171060
5618090953214
285280178805
5201584708411
1178189902006
3586038625314
4815082795955
5775091587810
482526745160
2735143426275
3876896625036
44628570184
1422217882142
4555345753162
5415476437428
5260975542625
4676414313332
3251237111058
6022828042337
4994268217356
2169127400670
4333974424489
3110286848865
1766125657158
6297785499917
588047115475
7047115908247
1205111751260
1912251281810
1667480318420
2510438816049
7165343974514
7337545740415
2434974601515
7606627003591
3170466337439
5725984870711
984337808491
3215514137225
2707277343443
4466893503029
4949753196892
5850061507361
3895057426646
3505125393689
4108421829207
6120807923988
6520739398321
5682388805650
2185878782922
5698994987389
1328059769133
3216868823559
2345543744261
2333712981
4479613782262
3250829500918
4513261131858
5258601198470
7475153159062
4657914266868
3998997008993
6833586656106
7443560776575
4040020966462
872969716341
2376133199977
1171226800782
1927997374856
1386147851255
1868445654013
4132124509440
3406492406491
4282531502324
7099217145993
1682089
5
10
24
1579474893825
179221702902087
86974249984
29686855894071
6442464256
